0 0.163934 0.498179 0.155738 0.114754
0 0.153689 0.873406 0.303279 0.253188
0 0.292520 0.612022 0.148566 0.182149
0 0.504098 0.798725 0.163934 0.198543
0 0.367316 0.468124 0.082992 0.069217
0 0.262807 0.387978 0.089139 0.051002
0 0.469262 0.579235 0.100410 0.109290
0 0.646004 0.599271 0.134221 0.149362
0 0.500512 0.430783 0.078893 0.085610
0 0.390369 0.319672 0.059426 0.052823
0 0.481045 0.287796 0.076844 0.054645
0 0.649590 0.438069 0.090164 0.085610
0 0.800205 0.521858 0.063525 0.078324
0 0.774590 0.367942 0.081967 0.065574
0 0.785861 0.426230 0.118852 0.083789
0 0.596311 0.335155 0.036885 0.040073
0 0.646516 0.343352 0.043033 0.034608
0 0.626537 0.372495 0.044057 0.041894
0 0.831967 0.234973 0.053279 0.043716
