0 0.836667 0.576566 0.116667 0.095128
0 0.072500 0.765661 0.085000 0.083527
0 0.241667 0.723898 0.076667 0.074246
0 0.168333 0.866589 0.076667 0.053364
0 0.170833 0.532483 0.168333 0.090487
0 0.120833 0.410673 0.051667 0.032483
0 0.142500 0.455916 0.041667 0.025522
0 0.349167 0.584687 0.128333 0.074246
0 0.435833 0.645012 0.091667 0.046404
0 0.500000 0.701856 0.103333 0.058005
0 0.312500 0.419954 0.068333 0.032483
0 0.418333 0.380510 0.060000 0.032483
0 0.585000 0.329466 0.083333 0.041763
0 0.520833 0.632251 0.061667 0.048724
0 0.243333 0.431555 0.043333 0.037123
0 0.850833 0.511601 0.058333 0.034803
0 0.595833 0.279582 0.091667 0.044084
0 0.270833 0.225058 0.065000 0.037123
0 0.320000 0.187935 0.070000 0.032483
0 0.415833 0.196056 0.091667 0.039443
0 0.408333 0.303944 0.066667 0.055684
0 0.485833 0.313225 0.071667 0.069606
0 0.311667 0.359629 0.106667 0.074246
0 0.858333 0.378190 0.133333 0.064965
0 0.908333 0.445476 0.090000 0.064965
0 0.927500 0.508121 0.048333 0.041763
0 0.332500 0.823666 0.091667 0.088167
0 0.503333 0.479118 0.233333 0.095128
0 0.609167 0.394432 0.105000 0.074246
