0 0.569531 0.354861 0.167187 0.123611
0 0.565234 0.764583 0.214844 0.156944
0 0.333984 0.560417 0.061719 0.059722
0 0.440625 0.627083 0.125000 0.084722
0 0.598437 0.577083 0.089063 0.056944
0 0.689453 0.514583 0.113281 0.098611
0 0.638281 0.922222 0.156250 0.155556
0 0.815234 0.788889 0.153906 0.080556
0 0.744531 0.707639 0.100000 0.076389
0 0.697656 0.641667 0.117188 0.047222
0 0.704297 0.590278 0.092969 0.044444
0 0.450781 0.550000 0.073438 0.050000
0 0.483203 0.494444 0.127344 0.050000
0 0.178125 0.583333 0.075000 0.075000
0 0.307812 0.480556 0.057813 0.058333
0 0.365625 0.515278 0.043750 0.025000
0 0.392969 0.408333 0.109375 0.091667
0 0.426172 0.313194 0.096094 0.054167
0 0.449609 0.245139 0.082031 0.059722
0 0.421875 0.098611 0.135937 0.063889
0 0.367578 0.147917 0.039844 0.037500
0 0.372266 0.181250 0.025781 0.020833
0 0.259375 0.063194 0.050000 0.037500
0 0.356250 0.043750 0.104688 0.045833
0 0.262109 0.190972 0.108594 0.059722
0 0.348828 0.232639 0.099219 0.062500
0 0.412109 0.712500 0.083594 0.055556
